40 40
104
104
104
104
104
104
104
104
104
104
104
104
104
104
104
104
104
104
104
104
104
104
104
104
104
104
104
104
104
104
104
104
104
104
104
104
104
104
104
104
104
104
104
104
104
104
104
104
104
104
104
104
104
104
104
104
104
104
104
104
104
104
104
104
104
104
104
104
62
63
63
63
63
64
104
104
104
104
104
104
104
104
104
104
104
104
104
104
104
62
63
63
63
63
63
63
63
63
63
63
63
63
63
63
63
63
63
63
72
75
75
75
75
71
64
104
104
104
104
104
104
104
104
104
104
62
63
63
63
72
75
75
75
1
2
2
3
75
75
75
75
75
75
75
75
75
75
75
75
75
75
75
75
75
71
64
104
104
104
104
104
104
104
104
62
72
75
75
75
1
2
2
2
11
34
34
10
2
2
2
2
2
2
2
2
3
75
75
75
75
75
75
75
75
75
67
104
104
104
104
104
104
104
62
72
75
75
1
2
11
34
34
34
34
34
34
34
34
34
34
17
18
19
34
34
10
2
2
2
2
3
75
75
75
75
67
104
104
104
104
104
104
104
65
75
75
1
11
34
52
53
53
53
53
54
34
34
34
34
5
23
29
26
18
18
18
18
19
34
34
10
3
75
75
75
67
104
104
104
104
104
104
62
72
75
1
11
34
34
56
17
18
18
19
34
53
53
53
54
34
34
23
24
24
24
24
24
25
34
34
34
10
3
75
75
71
64
104
104
104
104
104
65
75
1
11
34
34
34
56
23
24
24
25
34
58
78
57
58
34
34
34
34
34
34
34
34
34
34
34
34
34
10
3
75
75
67
104
104
104
104
62
72
1
17
18
19
34
34
57
34
34
34
58
44
45
79
43
45
34
34
34
34
34
34
34
34
34
34
34
34
34
34
10
3
75
67
104
104
104
104
65
75
4
20
21
22
34
34
43
44
44
44
45
47
48
79
46
48
34
34
34
34
34
34
34
34
34
34
34
34
34
34
34
6
75
71
64
104
104
104
65
75
4
23
24
25
34
34
46
47
47
47
48
47
48
79
46
48
34
34
34
34
34
34
34
34
34
34
34
34
34
34
34
10
3
75
67
104
104
104
65
75
7
13
34
34
34
34
46
47
47
47
48
50
51
80
49
51
34
34
34
34
34
34
96
97
98
34
34
34
34
34
34
34
6
75
67
104
104
104
65
75
75
7
8
13
34
34
49
50
50
50
51
34
34
34
34
34
34
34
34
34
34
34
97
101
100
34
34
34
34
34
34
34
10
3
67
104
104
104
68
74
75
75
75
7
13
34
34
17
18
18
18
19
34
34
34
34
12
8
8
8
8
8
8
8
8
13
34
34
34
34
34
34
34
6
67
104
104
104
104
65
75
75
75
75
7
13
34
23
24
24
24
25
34
34
12
8
9
75
75
75
75
75
75
75
75
7
8
13
34
34
34
34
34
6
67
104
104
104
104
68
74
75
75
75
75
7
8
13
34
34
34
12
8
8
9
75
75
75
75
73
69
69
69
69
74
75
75
7
13
34
17
19
34
6
67
104
104
104
104
104
68
69
74
75
75
75
75
7
8
8
8
9
75
75
75
75
73
69
69
70
104
104
104
104
68
74
75
75
4
34
20
22
34
6
67
104
104
104
104
104
104
104
68
74
75
75
75
75
75
75
75
75
75
73
69
69
70
104
104
104
104
104
104
104
104
68
75
75
4
34
20
22
34
6
67
104
104
104
104
104
104
104
104
68
69
69
69
74
75
75
73
69
69
70
104
104
104
104
104
104
104
104
104
104
104
104
65
75
4
34
20
22
34
6
67
104
104
104
104
104
104
104
104
104
104
104
104
68
69
69
70
104
104
104
104
104
104
104
104
104
104
104
104
104
104
104
65
75
4
17
27
25
34
6
67
104
104
104
104
104
104
104
104
104
104
104
104
104
104
104
104
104
104
104
104
104
104
104
104
104
104
104
104
104
104
104
65
75
4
20
22
34
12
9
67
104
104
104
104
104
104
104
104
104
104
104
104
104
104
104
104
104
104
104
104
104
104
104
104
104
104
104
104
104
104
104
65
75
4
20
22
34
6
75
67
104
104
104
104
104
104
104
104
104
104
104
104
104
104
104
104
104
104
104
104
104
104
104
104
104
104
104
104
104
104
104
65
1
11
20
22
34
6
75
67
104
104
104
104
104
104
104
104
104
104
104
104
104
104
104
104
104
104
104
104
104
104
104
104
104
104
104
104
104
104
104
65
4
34
20
22
34
6
75
67
104
104
104
104
104
104
104
104
104
104
104
104
104
104
104
104
104
104
104
104
104
104
104
104
104
104
104
104
104
104
62
72
4
34
20
22
34
6
75
67
104
104
104
104
104
104
104
104
104
104
104
104
104
104
104
104
104
104
104
104
104
104
104
104
104
104
104
104
104
62
72
75
4
34
23
25
5
6
75
67
104
104
104
104
104
104
104
104
104
104
104
104
104
104
104
104
104
104
104
104
104
104
104
104
104
104
104
104
62
72
75
75
4
34
34
34
5
6
73
70
104
104
104
104
104
104
104
104
104
104
104
104
104
104
104
104
104
104
104
104
104
104
104
104
104
104
104
62
72
75
1
2
11
34
34
34
5
6
67
104
104
104
104
104
104
104
104
104
104
104
62
63
63
63
63
63
64
104
104
104
104
104
104
104
104
62
63
72
75
1
11
34
34
34
34
34
34
6
67
104
104
104
104
104
104
104
104
104
62
63
72
75
75
75
75
75
71
63
63
63
63
63
63
63
63
72
1
2
2
11
34
34
34
17
19
34
34
6
67
104
104
104
104
104
104
104
104
62
72
75
1
2
2
2
2
2
2
2
2
2
2
2
2
2
2
2
11
34
34
34
34
17
18
27
22
34
34
6
67
104
104
104
104
104
104
104
62
72
75
75
4
34
34
5
5
5
34
34
34
34
34
34
34
34
34
34
34
-1
34
17
18
27
21
21
22
34
34
6
67
104
104
104
104
104
104
104
65
75
75
1
11
5
34
17
18
18
18
18
18
18
18
19
34
34
34
34
34
17
18
27
21
21
21
28
25
34
12
9
67
104
104
104
104
104
104
104
65
75
75
4
5
5
5
23
21
21
21
21
21
21
28
25
5
34
34
34
34
20
21
21
21
28
24
25
34
12
9
75
67
104
104
104
104
104
104
104
65
75
75
7
8
8
13
5
23
24
24
24
24
24
25
34
34
34
34
34
34
23
24
24
24
25
34
12
8
9
75
73
70
104
104
104
104
104
104
104
68
74
75
75
75
75
7
8
8
8
8
8
8
8
8
13
5
5
5
12
8
8
8
8
8
8
8
9
75
73
69
70
104
104
104
104
104
104
104
104
104
68
69
69
69
74
75
75
75
75
76
75
75
75
75
7
8
8
8
9
75
75
75
75
75
75
75
73
69
70
104
104
104
104
104
104
104
104
104
104
104
104
104
104
104
68
69
69
69
69
69
69
69
69
69
69
69
69
69
69
69
69
69
69
69
69
69
70
104
104
104
104
104
104
104
104
104
104
104
104
104
104
104
104
104
104
104
104
104
104
104
104
104
104
104
104
104
104
104
104
104
104
104
104
104
104
104
104
104
104
104
104
104
104
104
104
