66 50
35
35
35
35
35
35
35
35
35
35
35
35
35
35
35
35
35
35
35
35
35
35
35
35
35
35
35
35
35
59
45
45
45
45
45
45
45
45
45
45
45
45
45
45
45
45
45
46
48
48
48
48
48
48
48
48
48
48
48
48
48
48
48
48
48
48
35
35
35
35
35
35
35
35
35
35
35
35
35
35
35
35
35
35
35
35
35
59
45
45
45
45
45
45
45
46
48
48
48
48
48
48
48
48
48
48
48
48
48
48
48
48
48
49
48
48
48
48
48
48
48
48
48
48
48
48
48
48
48
48
48
48
35
35
35
35
35
35
35
35
35
57
45
45
45
45
45
45
45
45
45
45
45
46
48
48
48
48
48
48
48
49
48
48
48
48
48
48
48
48
48
48
48
48
48
48
48
48
48
49
48
48
48
48
60
61
61
61
61
61
61
61
61
61
61
61
61
61
35
35
35
35
35
35
35
35
35
57
48
48
48
48
48
48
48
48
48
48
48
49
48
48
48
48
48
48
48
49
48
48
48
48
48
48
48
48
48
48
48
48
48
48
48
48
48
49
51
51
51
51
58
35
35
35
35
35
35
35
35
35
35
35
35
35
35
35
35
35
35
35
35
35
35
57
48
48
48
48
48
48
48
48
48
48
48
49
48
48
48
48
48
48
48
49
51
51
51
51
51
51
51
51
51
51
51
51
51
51
51
51
51
52
5
5
5
5
44
56
5
5
5
5
35
35
35
35
35
35
35
35
35
35
35
35
35
35
35
35
35
59
48
48
48
48
48
48
48
48
48
48
48
49
51
51
51
51
51
51
51
52
5
5
5
5
5
5
5
5
5
5
5
5
5
5
5
5
5
5
17
18
19
5
50
56
5
5
5
5
35
35
35
35
35
35
35
35
45
45
45
45
45
45
45
45
45
46
51
51
51
51
51
51
51
51
51
51
51
52
5
5
5
5
5
5
5
5
5
15
5
30
5
5
5
15
5
5
5
5
5
5
14
5
5
5
20
21
22
5
5
58
5
5
5
5
35
35
35
35
35
35
35
35
48
48
48
48
48
48
48
48
48
49
5
5
30
5
5
5
5
16
5
5
5
5
5
5
5
15
5
5
15
5
5
5
5
14
5
5
5
5
5
5
15
5
5
5
17
18
18
18
27
21
22
16
5
44
56
5
5
5
35
35
35
35
35
35
35
35
48
48
48
48
48
48
48
48
48
49
5
5
15
5
5
15
5
30
5
5
5
14
5
5
5
5
30
5
5
5
5
5
5
5
5
5
35
35
16
35
35
35
5
15
20
21
21
21
21
21
22
5
5
50
56
5
5
5
35
35
35
35
35
35
35
35
48
48
48
48
48
48
48
48
48
49
5
5
5
5
5
5
5
5
5
5
5
5
5
15
5
5
5
5
5
5
5
5
5
5
5
5
35
35
35
35
35
35
35
5
23
24
24
24
24
24
25
15
5
5
58
5
5
5
35
35
35
35
35
35
35
35
51
51
51
51
51
51
51
51
51
52
5
59
79
58
5
5
5
5
5
16
5
30
15
5
5
5
5
5
5
14
5
30
5
15
5
5
97
98
99
97
98
99
5
5
5
5
16
5
5
5
5
5
5
5
44
56
5
5
35
35
35
35
35
35
35
35
35
35
35
35
35
35
35
35
57
45
45
46
80
44
45
45
45
45
58
5
5
5
5
5
5
5
15
5
5
5
5
5
5
5
5
5
98
101
102
98
98
98
5
5
5
15
5
5
5
5
14
5
5
5
50
58
5
5
35
35
35
35
35
35
35
35
35
35
35
35
35
35
35
35
57
51
51
52
81
50
51
51
51
51
44
45
45
45
45
45
45
56
5
5
5
5
5
16
5
5
5
5
5
5
5
5
5
5
5
5
5
5
5
5
16
5
5
5
15
5
5
44
58
5
35
35
35
35
35
35
35
35
35
35
35
35
35
35
35
35
57
5
5
5
35
5
5
5
5
5
50
51
51
51
51
51
51
58
5
5
5
15
5
5
5
15
5
15
5
5
5
5
5
5
5
5
5
5
5
5
5
5
5
5
5
5
5
50
44
45
58
35
35
35
35
35
35
35
35
35
35
35
35
35
35
35
59
5
5
30
15
5
17
18
18
18
18
18
19
5
5
5
5
44
45
45
45
45
45
45
45
58
5
5
5
5
5
59
45
45
45
45
45
45
45
45
45
45
45
58
5
5
5
5
50
51
44
45
45
45
45
45
45
45
45
45
45
45
45
45
45
45
46
5
5
5
16
5
23
24
24
24
24
29
22
5
30
5
5
50
51
51
51
51
51
51
51
44
56
5
30
5
59
46
51
51
51
51
51
51
51
51
51
51
51
44
58
59
79
58
5
5
50
51
51
51
51
51
51
51
51
51
51
51
51
51
51
51
52
5
5
5
5
5
5
5
5
5
5
23
25
5
5
16
5
30
5
30
5
15
5
5
5
50
58
30
5
57
46
52
5
5
17
19
5
5
5
5
5
5
5
50
44
46
80
44
45
45
45
45
45
45
45
45
45
45
45
45
45
45
45
45
45
45
45
45
45
45
45
45
45
45
45
45
58
5
5
5
5
5
5
30
15
5
5
5
5
5
5
5
44
58
5
59
52
5
5
14
20
26
18
19
5
5
30
5
15
5
50
52
81
50
51
48
48
48
48
48
48
48
48
48
61
61
61
61
61
61
61
61
62
48
48
48
48
48
48
48
48
48
44
45
45
45
45
45
45
58
30
5
5
5
5
5
16
5
50
44
45
46
5
5
15
5
20
21
21
22
5
14
5
5
16
5
5
5
30
5
57
48
48
48
48
48
48
48
48
48
35
35
35
35
35
35
35
35
57
51
51
51
51
51
51
51
51
51
47
48
48
48
48
48
48
44
45
45
45
45
45
58
5
5
5
50
51
52
5
5
5
5
23
24
24
25
15
5
5
5
15
5
15
14
5
15
57
48
48
48
48
48
48
48
48
48
35
35
35
35
35
35
35
35
57
5
5
35
30
5
5
14
5
5
50
51
51
51
51
51
51
47
48
48
48
48
48
44
45
45
45
45
45
45
45
45
45
45
45
45
58
5
5
5
5
5
5
5
5
5
30
5
57
51
51
51
51
51
51
51
51
51
35
35
35
35
35
35
35
35
59
35
15
35
35
16
35
35
35
35
35
35
35
35
35
35
35
50
51
51
51
51
51
47
48
48
48
48
48
48
48
48
48
48
48
48
44
58
35
35
59
79
58
35
35
35
35
16
57
35
35
35
35
35
35
35
35
35
45
45
45
45
45
45
45
45
46
35
35
35
35
35
35
35
30
35
35
35
35
35
30
35
14
35
35
35
35
35
35
50
51
51
51
51
51
51
51
51
51
51
51
51
47
44
45
45
46
80
44
45
45
45
58
35
57
35
35
35
35
35
35
35
35
35
51
51
51
51
51
51
51
51
52
35
59
79
58
35
35
35
35
35
35
16
35
15
35
35
35
35
35
30
35
35
35
35
35
35
35
35
35
30
35
35
35
35
35
35
50
47
48
48
49
80
47
48
48
48
44
58
59
35
35
35
14
35
35
35
35
35
35
35
35
35
35
35
35
57
45
45
46
80
44
45
45
45
45
45
56
35
35
35
17
18
18
19
16
35
35
15
35
35
14
35
17
19
35
15
35
35
14
35
17
19
35
50
51
51
52
81
50
51
51
51
47
44
46
35
35
35
35
35
35
35
35
35
35
35
35
35
35
35
35
59
51
51
52
81
50
51
51
51
51
51
58
35
30
14
23
24
24
25
35
35
35
35
35
35
35
35
23
25
35
16
35
35
35
35
20
22
15
35
35
35
35
35
35
35
35
35
50
47
49
35
35
35
35
35
35
35
35
35
45
45
45
45
45
45
45
46
35
35
35
35
14
35
35
35
35
35
44
58
35
35
35
35
15
35
35
59
79
58
35
35
35
15
35
35
35
35
35
30
15
35
23
25
35
14
35
30
35
16
35
14
35
35
35
50
52
35
35
14
35
35
35
35
35
35
51
51
51
51
51
51
51
52
35
35
30
35
35
15
35
16
30
35
50
44
56
35
35
35
35
59
45
46
80
44
45
45
45
45
45
45
45
45
56
35
35
35
16
35
35
35
35
35
35
35
35
35
35
35
15
59
45
56
35
35
35
35
35
35
35
35
45
45
45
45
45
45
45
45
45
45
58
35
35
35
35
14
15
30
35
50
58
35
35
35
59
46
51
52
81
50
51
51
51
51
51
51
51
51
58
35
35
35
35
35
59
45
45
45
45
45
45
45
45
45
45
46
51
56
35
35
35
35
35
35
35
35
48
48
48
48
48
48
48
48
48
48
44
58
35
35
35
35
30
35
35
35
44
45
45
45
46
52
35
35
35
35
35
35
30
35
35
35
14
35
44
45
45
45
45
45
46
51
51
51
51
51
51
51
51
51
51
52
35
56
35
35
35
35
14
35
35
35
51
51
51
51
51
51
51
51
51
51
47
44
45
45
45
45
58
35
35
35
50
51
51
51
52
35
35
14
35
16
17
19
14
35
15
35
35
35
50
51
51
51
51
51
52
35
35
35
35
35
35
35
14
35
35
35
15
56
35
35
35
35
35
35
35
35
38
38
38
38
38
38
38
38
38
43
50
47
48
48
48
49
44
45
45
45
58
35
35
30
30
35
35
35
35
35
23
25
35
35
35
16
35
30
35
35
35
35
35
35
14
30
35
16
15
35
35
35
35
35
35
35
35
56
35
35
35
35
35
35
35
35
105
105
105
105
105
105
105
105
105
37
43
50
51
51
51
51
47
48
48
48
44
45
45
45
45
45
45
45
45
45
45
45
58
35
35
35
35
35
35
35
59
79
58
35
35
35
30
35
35
35
14
35
35
15
35
35
35
56
35
35
35
35
35
35
35
35
105
105
105
105
105
105
105
105
105
105
37
38
43
35
35
35
50
51
51
51
47
48
48
48
48
48
48
48
48
48
48
48
44
45
45
45
45
45
45
45
46
79
44
45
45
45
45
45
58
35
35
35
35
35
97
98
99
56
35
35
35
35
35
35
35
35
105
105
105
105
105
105
105
105
105
105
105
105
37
38
43
35
15
35
35
35
50
51
51
51
51
51
51
51
51
51
51
51
47
48
48
48
48
48
48
48
49
80
47
48
48
48
48
48
44
45
45
58
35
35
101
102
98
44
45
58
35
35
35
35
35
35
105
105
105
105
105
105
105
105
105
105
105
105
105
105
37
38
38
38
43
15
35
35
14
35
15
35
35
16
35
35
35
35
50
51
51
51
51
51
51
51
52
81
50
51
51
51
51
51
47
48
48
44
58
35
35
35
35
50
51
44
45
45
45
45
45
45
105
105
105
105
105
105
105
105
105
105
105
105
105
105
105
105
105
105
37
38
38
38
38
38
38
43
35
35
14
15
35
35
35
35
35
35
35
35
14
35
35
35
35
35
15
35
35
35
50
51
51
47
44
45
45
45
45
56
35
50
51
51
51
51
51
51
105
105
105
105
105
105
105
105
105
105
105
105
105
105
105
105
105
105
105
105
105
105
105
105
105
37
38
13
35
35
35
12
38
38
43
16
15
35
35
35
35
35
35
14
35
35
14
35
35
35
35
50
47
48
48
48
48
56
35
35
35
35
35
35
35
35
105
105
105
105
105
105
105
105
105
105
105
105
105
105
105
105
105
105
105
105
105
105
105
105
105
105
63
4
5
5
5
6
65
105
37
38
38
38
38
38
38
38
38
38
38
43
35
35
14
16
35
35
50
51
51
51
51
56
35
35
35
35
35
35
35
35
105
105
105
105
105
105
105
105
105
105
105
105
105
105
105
105
105
105
105
105
105
105
105
105
105
105
66
4
5
5
5
6
68
105
105
105
105
105
105
105
105
105
105
105
105
37
38
38
43
35
15
35
35
35
35
14
35
58
35
35
35
35
35
35
35
35
105
105
105
105
105
105
105
105
105
105
105
105
105
105
105
105
105
105
105
105
105
105
105
105
105
105
66
4
16
5
14
6
68
105
105
105
105
105
105
105
105
105
105
105
105
105
105
105
37
38
43
35
35
35
35
35
35
44
45
45
45
45
45
45
45
45
105
105
105
105
105
105
105
105
105
105
105
105
105
105
105
105
105
105
105
105
105
105
105
105
105
105
66
4
5
5
5
6
68
105
105
105
105
105
105
105
105
105
105
105
105
105
105
105
105
105
37
38
43
35
14
35
35
47
48
48
48
48
48
48
48
48
105
105
105
105
105
105
105
105
105
105
105
105
105
105
105
105
105
105
105
105
105
105
105
105
105
105
66
4
14
5
16
6
68
105
105
105
105
105
105
105
105
105
105
105
105
105
105
105
105
105
105
105
37
38
38
38
43
50
51
51
51
51
51
51
51
51
105
105
105
105
105
105
105
105
105
105
105
105
105
105
105
63
64
64
64
65
105
105
105
105
105
105
66
4
5
5
5
6
68
105
105
105
105
105
105
105
105
105
105
105
105
105
105
105
105
105
105
105
105
105
105
105
37
38
38
38
38
38
38
38
38
38
105
105
105
105
105
105
105
105
105
105
105
63
64
64
64
73
1
2
3
72
64
64
64
65
105
105
66
4
5
5
5
6
68
105
105
105
105
105
105
105
105
105
105
105
105
105
105
105
105
105
105
105
105
105
105
105
105
105
105
105
105
105
105
105
105
105
105
105
105
105
105
105
105
105
105
105
63
73
1
2
2
2
11
5
10
2
2
2
3
72
64
64
73
4
5
5
5
6
68
105
105
105
105
105
105
105
105
105
105
105
105
105
105
105
105
105
105
105
105
105
105
105
105
105
105
105
105
105
105
105
105
105
105
105
105
105
105
105
105
105
105
63
73
1
11
5
5
5
5
5
5
5
5
5
10
2
2
3
76
4
5
5
5
6
72
64
64
64
64
64
64
64
64
64
64
64
64
64
65
105
105
105
105
105
105
105
105
105
105
105
105
105
105
105
105
105
105
105
54
54
54
54
54
54
54
54
54
61
61
61
61
61
61
61
61
61
62
5
5
5
5
5
5
10
2
11
5
5
5
10
2
2
2
2
60
61
61
61
61
61
61
61
62
3
72
64
64
65
105
105
105
105
105
105
105
105
105
105
105
105
105
105
105
105
35
35
35
35
35
35
35
35
35
35
35
35
35
35
35
35
35
35
35
61
61
61
61
61
61
61
61
62
17
18
19
60
61
61
61
61
35
35
35
35
35
35
35
35
35
61
61
61
61
61
55
105
105
105
105
105
105
105
105
105
105
105
105
105
105
35
35
35
35
35
35
35
35
35
35
35
35
35
35
35
35
35
35
35
35
35
35
35
35
35
35
35
35
57
20
21
22
56
35
35
35
35
35
35
35
35
35
35
35
35
35
35
35
35
35
35
35
54
54
55
105
105
105
105
105
105
105
105
105
105
105
105
