15 15
-1
-1
-1
-1
-1
-1
-1
-1
-1
-1
-1
-1
-1
-1
-1
-1
-1
-1
-1
-1
-1
-1
-1
-1
-1
-1
-1
-1
-1
-1
103
103
103
103
103
103
103
103
103
103
103
103
103
103
103
103
98
98
98
98
98
103
98
98
98
98
98
98
98
103
103
98
98
98
98
98
103
98
98
98
98
98
98
98
103
105
82
82
82
82
84
105
82
82
82
82
82
82
88
105
105
82
82
82
82
89
105
82
82
82
82
82
82
95
105
105
82
35
35
35
35
105
35
35
35
82
35
35
35
105
105
82
35
35
35
35
105
35
35
35
82
35
35
35
105
105
82
98
98
98
98
98
98
98
98
82
98
98
98
105
105
82
82
82
86
87
82
82
82
82
82
86
87
82
105
105
82
82
82
93
94
82
82
82
82
82
93
94
82
105
105
35
35
35
35
35
35
82
35
35
35
35
35
35
105
105
35
35
35
35
35
35
82
35
35
35
35
35
35
105
98
98
98
98
98
98
98
83
98
98
98
98
98
98
98
