15 15
-1
-1
-1
-1
-1
-1
-1
-1
-1
-1
-1
-1
-1
-1
-1
-1
-1
-1
-1
-1
-1
-1
-1
-1
-1
-1
-1
-1
-1
-1
103
103
103
103
103
103
103
103
103
103
103
103
103
103
103
103
98
98
98
98
98
103
98
98
98
98
98
98
98
103
103
-1
-1
-1
-1
-1
103
-1
-1
-1
-1
-1
-1
-1
103
103
-1
-1
-1
-1
-1
103
-1
-1
-1
-1
-1
-1
-1
103
103
-1
-1
-1
-1
-1
103
-1
-1
-1
-1
-1
-1
-1
103
103
-1
103
103
103
103
103
103
103
103
-1
103
103
103
103
103
-1
98
98
98
98
98
98
98
98
-1
98
98
98
103
103
-1
-1
-1
-1
-1
-1
-1
-1
-1
-1
-1
-1
-1
103
103
-1
-1
-1
-1
-1
-1
-1
-1
-1
-1
-1
-1
-1
103
103
-1
-1
-1
-1
-1
-1
-1
-1
-1
-1
-1
-1
-1
103
103
103
103
103
103
103
103
-1
103
103
103
103
103
103
103
98
98
98
98
98
98
98
-1
98
98
98
98
98
98
98
-1
-1
-1
-1
-1
-1
-1
-1
-1
-1
-1
-1
-1
-1
-1
